   300.000  1000.000  5000.000
S                       S   1    0    0    0G    300.00   5000.00 1000.00    0 1
 2.90214800E+00 -5.48454600E-04 2.76457600E-07 -5.01711500E-11 3.15068500E-15    2
 3.24942300E+04 3.83847100E+00 3.18732900E+00 -1.59577600E-03 2.00553100E-06    3
-1.50708100E-09 4.93128200E-13 3.24225900E+04 2.41444100E+00                   4
SH                      H   1S   1    0    0G    300.00   5000.00 1000.00    0 1
 3.05381000E+00 1.25888400E-03 -4.24916900E-07 6.92959100E-11 -4.28169100E-15    2
 1.58822500E+04 5.97355100E+00 4.13332700E+00 -3.78789300E-04 -2.77785400E-06    3
 5.37011200E-09 -2.39400600E-12 1.55586200E+04 1.61153500E-01                   4
H2S                     H   2S   1    0    0G    300.00   5000.00 1000.00    0 1
 2.88314700E+00 3.82783500E-03 -1.42339800E-06 2.49799900E-10 -1.66027300E-14    2
-3.48074300E+03 7.25816200E+00 3.07102900E+00 5.57826100E-03 -1.03096700E-05    3
 1.20195300E-08 -4.83837000E-12 -3.55982600E+03 5.93522600E+00                   4
SO                      O   1S   1    0    0G    300.00   5000.00 1000.00    0 1
 4.02107800E+00 2.58485600E-04 8.94814200E-08 -3.58014500E-11 3.22843000E-15    2
-7.11962000E+02 3.45252300E+00 3.08040100E+00 1.80310600E-03 6.70502200E-07    3
-2.06900500E-09 8.51465700E-13 -3.98616300E+02 8.58102800E+00                   4
SO2                     O   2S   1    0    0G    300.00   5000.00 1000.00    0 1
 5.25449800E+00 1.97854500E-03 -8.20422600E-07 1.57638300E-10 -1.12045100E-14    2
-3.75688600E+04 -1.14605600E+00 2.91143900E+00 8.10302200E-03 -6.90671000E-06    3
 3.32901600E-09 -8.77712100E-13 -3.68788200E+04 1.11174000E+01                   4
SO3                     O   3S   1    0    0G    300.00   5000.00 1000.00    0 1
 7.05066800E+00 3.24656000E-03 -1.40889700E-06 2.72153500E-10 -1.94236500E-14    2
-5.02066800E+04 -1.10644300E+01 2.57528300E+00 1.51509200E-02 -1.22987200E-05    3
 4.24025700E-09 -5.26681200E-13 -4.89441100E+04 1.21951200E+01                   4
HSO2                    H   1O   2S   1    0G    300.00   3500.00 1500.00    0 1
 1.56273740E+00 2.06913890E-02 -2.31120730E-05 1.26702030E-08 -2.72741760E-12    2
-1.82148240E+04 1.75568200E+01 1.56273740E+00 2.06913890E-02 -2.31120730E-05    3
 1.26702030E-08 -2.72741760E-12 -1.82148240E+04 1.75568200E+01                   4
HOSO                    H   1O   2S   1    0G    300.00   3000.00 1000.00    0 1
 9.60146992E+00 -2.53592657E-02 6.76829409E-05 -6.34954136E-08 1.95893537E-11    2
-3.12540147E+04 -1.56740934E+01 9.60146992E+00 -2.53592657E-02 6.76829409E-05    3
-6.34954136E-08 1.95893537E-11 -3.12540147E+04 -1.56740934E+01                   4
HOSO2                   H   1O   3S   1    0G    300.00   3000.00 1000.00    0 1
 7.62277304E+00 -4.19908990E-03 3.52054969E-05 -4.12715317E-08 1.40006629E-11    2
-4.69478133E+04 -7.80787503E+00 7.62277304E+00 -4.19908990E-03 3.52054969E-05    3
-4.12715317E-08 1.40006629E-11 -4.69478133E+04 -7.80787503E+00                   4
SN                      N   1S   1    0    0G    300.00   5000.00 1000.00    0 1
 3.88828700E+00 6.77842700E-04 -2.72530900E-07 5.13592700E-11 -3.59383600E-15    2
 3.04449600E+04 4.19429100E+00 3.40734600E+00 1.79788700E-03 -2.01897000E-06    3
 2.10785700E-09 -9.52759200E-13 3.06237300E+04 6.82148100E+00                   4
S2                      S   2    0    0    0G    300.00   5000.00 1000.00    0 1
 3.90444300E+00 6.92573300E-04 -1.23309700E-07 8.78380900E-13 1.37466200E-15    2
 1.42569300E+04 4.95683400E+00 3.15767300E+00 3.09948000E-03 -1.56074600E-06    3
-1.35789100E-09 1.13744400E-12 1.43918700E+04 8.59606200E+00                   4
CS                      C   1S   1    0    0G    300.00   5000.00 1000.00    0 1
 3.73743100E+00 8.18045100E-04 -3.17891800E-07 5.35680100E-11 -2.88619500E-15    2
 3.24772500E+04 3.57655700E+00 2.93862300E+00 2.72435200E-03 -2.39770700E-06    3
 1.68950100E-09 -6.66505000E-13 3.27399200E+04 7.84872000E+00                   4
COS                     O   1C   1S   1    0G    300.00   5000.00 1000.00    0 1
 5.19192500E+00 2.50612300E-03 -1.02439600E-06 1.94391400E-10 -1.37080000E-14    2
-1.84621000E+04 -2.82575500E+00 2.85853100E+00 9.51545800E-03 -8.88491500E-06    3
 4.22099400E-09 -8.55734000E-13 -1.78514500E+04 9.08198900E+00                   4
HSNO                    H   1O   1N   1S   1G    300.00   5000.00 1000.00    0 1
 2.90214800E+00 -5.48454600E-04 2.76457600E-07 -5.01711400E-11 3.15068400E-15    2
 3.24942300E+04 3.83847100E+00 3.18732900E+00 -1.59577630E-03 2.00553100E-06    3
-1.50708140E-09 4.93128200E-13 3.24225900E+04 2.41444100E+00                   4
HSO                     H   1O   1S   1    0G    300.00   3500.00 1500.00    0 1
 2.58075930E+00 7.99109020E-03 -5.15359720E-06 7.42028010E-10 2.44456910E-13    2
-3.79766780E+03 1.22267030E+01 2.58075930E+00 7.99109020E-03 -5.15359720E-06    3
 7.42028010E-10 2.44456910E-13 -3.79766780E+03 1.22267030E+01                   4
HOS                     H   1O   1S   1    0G    300.00   3500.00 1500.00    0 1
 2.63736730E+00 7.89119090E-03 -8.11726030E-06 4.24833820E-09 -8.57901160E-13    2
-1.07268870E+03 1.17096820E+01 2.63736730E+00 7.89119090E-03 -8.11726030E-06    3
 4.24833820E-09 -8.57901160E-13 -1.07268870E+03 1.17096820E+01                   4
HSOH                    H   2O   1S   1    0G    300.00   3500.00 1500.00    0 1
 2.56764410E+00 1.13805210E-02 -5.86673240E-06 -5.94700410E-10 8.74383290E-13    2
-1.55712560E+04 1.17663990E+01 2.56764410E+00 1.13805210E-02 -5.86673240E-06    3
-5.94700410E-10 8.74383290E-13 -1.55712560E+04 1.17663990E+01                   4
H2SO                    H   2O   1S   1    0G    300.00   3500.00 1500.00    0 1
 1.95805190E+00 9.72652010E-03 6.84131700E-07 -6.23437200E-09 2.41665770E-12    2
-6.67708890E+03 1.47834510E+01 1.95805190E+00 9.72652010E-03 6.84131700E-07    3
-6.23437200E-09 2.41665770E-12 -6.67708890E+03 1.47834510E+01                   4
HOSHO                   H   2O   2S   1    0G    300.00   3500.00 1500.00    0 1
 1.19038220E+00 2.56447350E-02 -2.66228420E-05 1.34796650E-08 -2.64746290E-12    2
-3.37448860E+04 1.90954940E+01 1.19038220E+00 2.56447350E-02 -2.66228420E-05    3
 1.34796650E-08 -2.64746290E-12 -3.37448860E+04 1.90954940E+01                   4
HS2                     H   1S   2    0    0G    300.00   5000.00 1395.00    0 1
 5.10949802E+00 1.61440788E-03 -5.59150857E-07 8.75419872E-11 -5.10877907E-15    2
 1.07861033E+04 4.66519398E-01 3.24915375E+00 6.72607196E-03 -6.12427074E-06    3
 2.88457020E-09 -5.42122152E-13 1.13627566E+04 1.01981642E+01                   4
H2S2                    H   2S   2    0    0G    300.00   5000.00 1395.00    0 1
 6.23682403E+00 3.17137220E-03 -1.08859887E-06 1.69375472E-10 -9.84045085E-15    2
-4.06812922E+02 -6.92943476E+00 3.15971698E+00 1.19631659E-02 -1.11173543E-05    3
 5.43915901E-09 -1.06004978E-12 5.26704992E+02 9.07002520E+00                   4
HSS                     H   1S   2    0    0G    300.00   5000.00 1395.00    0 1
 5.10949802E+00 1.61440788E-03 -5.59150857E-07 8.75419872E-11 -5.10877907E-15    2
 1.07861033E+04 4.66519398E-01 3.24915375E+00 6.72607196E-03 -6.12427074E-06    3
 2.88457020E-09 -5.42122152E-13 1.13627566E+04 1.01981642E+01                   4
HSSH                    H   2S   2    0    0G    300.00   5000.00 1395.00    0 1
 6.23682403E+00 3.17137220E-03 -1.08859887E-06 1.69375472E-10 -9.84045085E-15    2
-4.06812922E+02 -6.92943476E+00 3.15971698E+00 1.19631659E-02 -1.11173543E-05    3
 5.43915901E-09 -1.06004978E-12 5.26704992E+02 9.07002520E+00                   4
H2SO4                   H   2O   4S   1    0G    200.00   6000.00 1000.00    0 1
 1.14077640E+01 6.47450160E-03 -2.26841850E-06 3.60607600E-10 -2.13733800E-14    2
-9.23511920E+04 -3.21413070E+01 1.58786610E+00 4.08823660E-02 -4.88457630E-05    3
 2.90145030E-08 -6.68589150E-12 -9.00400150E+04 1.66877800E+01                   4
H2S               RUS 89H   2S   1    0    0G   200.000  6000.000 1000.        1  
 0.29770813E+01 0.36005325E-02 -0.12328487E-05 0.19692654E-09 -0.11677327E-13    2
-0.35155970E+04 0.67868340E+01 0.41194112E+01 -0.18771599E-02 0.82066045E-05    3
-0.70594243E-08 0.21405829E-11 -0.36819294E+04 0.15345832E+01 -0.24775964E+04    4
H2SO4(L)          J 9/77H   2S   1O   4    0L   300.000  3000.000 1000.        1  
 9.94215250E+00 2.17863690E-02 3.49744580E-06 -3.35488570E-09 1.16995860E-12    2
-1.01859790E+05 -4.43986950E+01 9.94215250E+00 2.17863690E-02 3.49744580E-06    3
-3.35488570E-09 1.16995860E-12 -1.01859790E+05 -4.43986950E+01 -9.79023828E+04    4
H2SO4             T 8/03H  2.S  1.O  4.   0.G   200.000  6000.000 1000.        1
 1.13355392E+01 5.60829109E-03 -1.94574192E-06 3.07136054E-10 -1.81109544E-14    2
-9.21087435E+04 -2.96094003E+01 4.53388173E+00 3.10347679E-02 -4.10421795E-05    3
 2.95752341E-08 -8.81459071E-12 -9.05459072E+04 3.93961412E+00 -8.81230524E+04    4
H2S2  H-S-S-H     T 3/03H  2.S  2.   0.   0.G   200.000  6000.000 1000.        1
 5.69402902E+00 3.90495326E-03 -1.41886468E-06 2.30688658E-10 -1.38745854E-14    2
-1.65807167E+02 -3.74138641E+00 2.09117166E+00 1.94220358E-02 -2.89395611E-05    3
 2.30251562E-08 -7.20187083E-12 5.91056782E+02 1.35883795E+01 1.86421088E+03    4
S2                J 9/77S   2    0    0    0G   300.000  5000.000 1000.        1  
 3.98860690E+00 5.57750510E-04 -5.01892780E-08 -1.54703190E-11 2.66617710E-15    2
 1.41980150E+04 4.49119159E+00 2.85857540E+00 5.17583550E-03 -6.54934340E-06    3
 3.39986430E-09 -4.01567660E-13 1.44124020E+04 9.89127849E+00 1.54434020E+04    4
HSO               T04/07H  1.S  1.O  1.   0.G   200.000  6000.000 1000.        1
 4.34724125E+00 2.53372236E-03 -9.51430950E-07 1.58095446E-10 -9.65294637E-15    2
-4.20893834E+03 3.15887502E+00 4.13565093E+00 -3.69243127E-03 2.05169784E-05    3
-2.40530656E-08 9.17084270E-12 -3.82371653E+03 5.88770120E+00 -2.61672666E+03    4
SH                IU2/03S  1.H  1.   0.   0.G   200.000  6000.000 1000.        1
 3.03153027E+00 1.25805252E-03 -4.05524133E-07 6.19648110E-11 -3.50862111E-15    2
 1.62059674E+04 6.15022140E+00 3.68466877E+00 3.24608824E-03 -1.28635079E-05    3
 1.69512196E-08 -7.07595387E-12 1.59036477E+04 2.01781634E+00 1.70629418E+04    4
S-OH              T04/07S  1.O  1.H  1.   0.G   200.000  6000.000 1000.        1
 4.37246017E+00 2.01398865E-03 -6.50854476E-07 9.74413078E-11 -5.52225169E-15    2
-2.28578181E+03 3.13657231E+00 3.69440567E+00 3.94327613E-04 1.10155102E-05    3
-1.63102588E-08 7.03352877E-12 -1.99257018E+03 7.31635620E+00 -8.05146665E+02    4
S                 J 9/82S   1    0    0    0G   200.000  6000.000 1000.        1  
 2.87936498E+00 -5.11050388E-04 2.53806719E-07 -4.45455458E-11 2.66717362E-15    2
 3.25013791E+04 3.98140647E+00 2.31725616E+00 4.78018342E-03 -1.42082674E-05    3
 1.56569538E-08 -5.96588299E-12 3.25068976E+04 6.06242434E+00 3.33128471E+04    4
SO                J 6/77S   1O   1    0    0G   300.000  5000.000 1000.        1  
 4.01428730E+00 2.70228170E-04 8.28966670E-08 -3.43237410E-11 3.11214440E-15    2
-7.10519560E+02 3.49973505E+00 3.14902330E+00 1.18393470E-03 2.57406860E-06    3
-4.44434190E-09 1.87351590E-12 -4.04075710E+02 8.31987915E+00 6.02271219E+02    4
SO2               J 6/61S   1O   2    0    0G   300.000  5000.000 1000.        1  
 5.24513640E+00 1.97042040E-03 -8.03757690E-07 1.51499690E-10 -1.05580040E-14    2
-3.75582270E+04 -1.07404892E+00 3.26653380E+00 5.32379020E-03 6.84375520E-07    3
-5.28100470E-09 2.55904540E-12 -3.69081480E+04 9.66465108E+00 -3.57007867E+04    4
SO3               J 9/65S   1O   3    0    0G   300.000  5000.000 1000.        1  
 7.07573760E+00 3.17633870E-03 -1.35357600E-06 2.56309120E-10 -1.79360440E-14    2
-5.02113760E+04 -1.11875176E+01 2.57803850E+00 1.45563350E-02 -9.17641730E-06    3
-7.92030220E-10 1.97094730E-12 -4.89317530E+04 1.22651384E+01 -4.75978348E+04    4
HO2S              T11/96H   1O   2S   1    0G   200.000  6000.000 1000.        1  
 6.45143466E+00 2.48602888E-03 -8.43212436E-07 1.30962437E-10 -7.63196759E-15    2
-3.29875786E+04 -4.61876333E+00 3.69601366E+00 9.53437650E-03 -3.92988151E-06    3
-4.41313434E-09 3.33020726E-12 -3.22589853E+04 9.59023664E+00 -3.07751148E+04    4
HSO3              T 3/93H   1S   1O   3    0G   200.000  6000.000 1000.        1  
 0.91911575E+01 0.27980912E-02 -0.97493219E-06 0.15441946E-09 -0.91299297E-14    2
-0.49457258E+05 -0.18510636E+02 0.90501684E+00 0.38941616E-01 -0.63379448E-04    3
 0.49872276E-07 -0.15179855E-10 -0.47836694E+05 0.21006792E+02 -0.46304593E+05    4
HS2 anharmonic    T 3/03H  1.S  2.   0.   0.G   200.000  6000.000 1000.        1
 4.75155728E+00 2.15521745E-03 -7.39343908E-07 1.22229939E-10 -7.35968292E-15    2
 1.08214337E+04 2.68990027E+00 2.96279116E+00 8.56185025E-03 -9.91987786E-06    3
 6.19874244E-09 -1.52120491E-12 1.12507023E+04 1.15828502E+01 1.24384961E+04    4
HS2  RRHO         T 4/02H  1.S  2.   0.   0.G   200.000  6000.000 1000.        1
 5.00284875E+00 1.53333839E-03 -3.71725630E-07 4.12310396E-11 -1.83712860E-15    2
 5.09462277E+04 1.36789719E+00 2.96323558E+00 8.55501824E-03 -1.00388287E-05    3
 6.25269399E-09 -1.52826367E-12 5.14497883E+04 1.15800366E+01 1.25804170E+04    4

nC3H7                   C   3H   7          G    300.00   5000.00 1000.00      1
 .722715260E+01 .172648710E-01 -.588880490E-05 .669183600E-09 .000000000E+00    2
 .782835831E+04 -.127978858E+02 .192253600E+01 .247892700E-01 .181024900E-05    3
-.178326490E-07 .858299630E-11 .971328300E+04 .164927100E+02                   4
iC3H7                   C   3H   7          G    300.00   5000.00 1000.00      1
 .736341098E+01 .171331520E-01 -.582028000E-05 .658834320E-09 .000000000E+00    2
 .604684608E+04 -.148406654E+02 .171329900E+01 .254261610E-01 .158080800E-05    3
-.182128610E-07 .882771030E-11 .803580600E+04 .162790100E+02                   4
C3H8                    C   3H   8          G    300.00   5000.00 1000.00      1
 .752530602E+01 .188903400E-01 -.628392400E-05 .917937280E-09 -.481240960E-13    2
-.164646226E+05 -.178445202E+02 .896921000E+00 .266898590E-01 .543142510E-05    3
-.212600000E-07 .924333010E-11 -.139549200E+05 .193553300E+02                   4
A1C3H7            T12/94C   9H  12   0     0G   298.150  5000.000              1
 0.16139277E+02 0.24210847E-01 -0.72678359E-05 0.11392276E-08 -0.72984881E-13    2
 0.10249251E+05 -0.61169437E+02 -0.10717708E+02 0.12666725E+00 -0.17762493E-03    3
 0.14344049E-06 -0.47616577E-10 0.16597133E+05 0.71526331E+02                   4
A1C3H6B           T12/94C   9H  11   0     0G   298.150  5000.000              1
 0.16139277E+02 0.24210847E-01 -0.72678359E-05 0.11392276E-08 -0.72984881E-13    2
 0.10249251E+05 -0.61169437E+02 -0.10717708E+02 0.12666725E+00 -0.17762493E-03    3
 0.14344049E-06 -0.47616577E-10 0.16597133E+05 0.71526331E+02                   4
A1C3H6J1          T12/94C   9H  11   0     0G   298.150  5000.000              1
 0.16139277E+02 0.24210847E-01 -0.72678359E-05 0.11392276E-08 -0.72984881E-13    2
 0.10249251E+05 -0.61169437E+02 -0.10717708E+02 0.12666725E+00 -0.17762493E-03    3
 0.14344049E-06 -0.47616577E-10 0.16597133E+05 0.71526331E+02                   4
A1C3H6J2          T12/94C   9H  11   0     0G   298.150  5000.000              1
 0.16139277E+02 0.24210847E-01 -0.72678359E-05 0.11392276E-08 -0.72984881E-13    2
 0.10249251E+05 -0.61169437E+02 -0.10717708E+02 0.12666725E+00 -0.17762493E-03    3
 0.14344049E-06 -0.47616577E-10 0.16597133E+05 0.71526331E+02                   4
CH3O              121686C   1H   3O   1     G  0300.00   3000.00  1000.00      1
 0.03770799E+02 0.07871497E-01 -0.02656384E-04 0.03944431E-08 -0.02112616E-12    2
 0.12783252E+03 0.02929575E+02 0.02106204E+02 0.07216595E-01 0.05338472E-04    3
-0.07377636E-07 0.02075610E-10 0.09786011E+04 0.13152177E+02                   4
Ar REF ELEMENT    L 6/88AR  1    0   0     0G   200.000  6000.000              1
 0.25000000E+01 0.00000000E+00 0.00000000E+00 0.00000000E+00 0.00000000E+00    2
-0.74537500E+03 0.43796749E+01 0.25000000E+01 0.00000000E+00 0.00000000E+00    3
 0.00000000E+00 0.00000000E+00 -0.74537500E+03 0.43796749E+01                   4
N2  REF ELEMENT   G 8/02N   2    0   0     0G   200.000  6000.000              1
 2.95257637E+00 1.39690040E-03 -4.92631603E-07 7.86010195E-11 -4.60755204E-15    2
-9.23948688E+02 5.87188762E+00 3.53100528E+00 -1.23660988E-04 -5.02999433E-07    3
 2.43530612E-09 -1.40881235E-12 -1.04697628E+03 2.96747038E+00                   4
O                 L 1/90O   1    0   0     0G   200.000  6000.000              1
 2.54363697E+00 -2.73162486E-05 -4.19029520E-09 4.95481845E-12 -4.79553694E-16    2
 2.92260120E+04 4.92229457E+00 3.16826710E+00 -3.27931884E-03 6.64306396E-06    3
-6.12806624E-09 2.11265971E-12 2.91222592E+04 2.05193346E+00                   4
O2 REF ELEMENT    RUS 89O   2    0   0     0G   200.000  6000.000              1
 3.66096083E+00 6.56365523E-04 -1.41149485E-07 2.05797658E-11 -1.29913248E-15    2
-1.21597725E+03 3.41536184E+00 3.78245636E+00 -2.99673415E-03 9.84730200E-06    3
-9.68129508E-09 3.24372836E-12 -1.06394356E+03 3.65767573E+00                   4
H                 L 6/94H   1    0   0     0G   200.000  6000.000              1
 0.25000000E+01 0.00000000E+00 0.00000000E+00 0.00000000E+00 0.00000000E+00    2
 0.25473660E+05 -0.44668285E+00 0.25000000E+01 0.00000000E+00 0.00000000E+00    3
 0.00000000E+00 0.00000000E+00 0.25473660E+05 -0.44668285E+00                   4
H2  REF ELEMENT   RUS 78H   2    0   0     0G   200.000  6000.000              1
 0.29328305E+01 0.82659802E-03 -0.14640057E-06 0.15409851E-10 -0.68879615E-15    2
-0.81305582E+03 -0.10243164E+01 0.23443029E+01 0.79804248E-02 -0.19477917E-04    3
 0.20156967E-07 -0.73760289E-11 -0.91792413E+03 0.68300218E+00                   4
OH                S 9/01O   1H   1   0     0G   200.000  6000.000              1
 2.86472886E+00 1.05650448E-03 -2.59082758E-07 3.05218674E-11 -1.33195876E-15    2
 3.71885774E+03 5.70164073E+00 4.12530561E+00 -3.22544939E-03 6.52764691E-06    3
-5.79853643E-09 2.06237379E-12 3.38153812E+03 -6.90432960E-01                   4
HO2               L 5/89H   1O   2   0     0G   200.000  6000.000              1
 0.41722659E+01 0.18812098E-02 -0.34629297E-06 0.19468516E-10 0.17609153E-15    2
 0.61818851E+02 0.29577974E+01 0.43017880E+01 -0.47490201E-02 0.21157953E-04    3
-0.24275961E-07 0.92920670E-11 0.29480876E+03 0.37167010E+01                   4
H2O               L 5/89H   2O   1   0     0G   200.000  6000.000              1
 0.26770389E+01 0.29731816E-02 -0.77376889E-06 0.94433514E-10 -0.42689991E-14    2
-0.29885894E+05 0.68825500E+01 0.41986352E+01 -0.20364017E-02 0.65203416E-05    3
-0.54879269E-08 0.17719680E-11 -0.30293726E+05 -0.84900901E+00                   4
H2O2              L 2/93H   2O   2.  0.    0G   200.000  6000.000              1
 4.57333537E+00 4.04984070E-03 -1.29479479E-06 1.97281710E-10 -1.13402846E-14    2
-1.80548121E+04 7.04278488E-01 4.27611269E+00 -5.42822417E-04 1.67335701E-05    3
-2.15770813E-08 8.62454363E-12 -1.77542989E+04 3.43505074E+00                   4
CO                RUS 79C   1O   1   0     0G   200.000  6000.000              1
 0.30484859E+01 0.13517281E-02 -0.48579405E-06 0.78853644E-10 -0.46980746E-14    2
-0.14266117E+05 0.60170977E+01 0.35795335E+01 -0.61035369E-03 0.10168143E-05    3
 0.90700586E-09 -0.90442449E-12 -0.14344086E+05 0.35084093E+01                   4
CO2               L 7/88C   1O   2   0     0G   200.000  6000.000              1
 0.46365111E+01 0.27414569E-02 -0.99589759E-06 0.16038666E-09 -0.91619857E-14    2
-0.49024904E+05 -0.19348955E+01 0.23568130E+01 0.89841299E-02 -0.71220632E-05    3
 0.24573008E-08 -0.14288548E-12 -0.48371971E+05 0.99009035E+01                   4
CH                TPIS79C   1H   1   0     0G   200.000  3500.000  1000.000    1
 2.87846473E+00 9.70913681E-04 1.44445655E-07 -1.30687849E-10 1.76079383E-14    2
 7.10124364E+04 5.48497999E+00 3.48981665E+00 3.23835541E-04 -1.68899065E-06    3
 3.16217327E-09 -1.40609067E-12 7.07972934E+04 2.08401108E+00                   4
CH2               L S/93C   1H   2   0     0G   200.000  3500.000  1000.000    1
 2.87410113E+00 3.65639292E-03 -1.40894597E-06 2.60179549E-10 -1.87727567E-14    2
 4.62636040E+04 6.17119324E+00 3.76267867E+00 9.68872143E-04 2.79489841E-06    3
-3.85091153E-09 1.68741719E-12 4.60040401E+04 1.56253185E+00                   4
CH2*              L S/93C   1H   2   0     0G   200.000  3500.000  1000.000    1
 2.29203842E+00 4.65588637E-03 -2.01191947E-06 4.17906000E-10 -3.39716365E-14    2
 5.09259997E+04 8.62650169E+00 4.19860411E+00 -2.36661419E-03 8.23296220E-06    3
-6.68815981E-09 1.94314737E-12 5.04968163E+04 -7.69118967E-01                   4
CH2s              L S/93C   1H   2   0     0G   200.000  3500.000  1000.000    1
 2.29203842E+00 4.65588637E-03 -2.01191947E-06 4.17906000E-10 -3.39716365E-14    2
 5.09259997E+04 8.62650169E+00 4.19860411E+00 -2.36661419E-03 8.23296220E-06    3
-6.68815981E-09 1.94314737E-12 5.04968163E+04 -7.69118967E-01                   4
CH3               IU0702C   1H   3   0     0G   200.000  6000.000              1
 0.29781206E+01 0.57978520E-02 -0.19755800E-05 0.30729790E-09 -0.17917416E-13    2
 0.16509513E+05 0.47224799E+01 0.36571797E+01 0.21265979E-02 0.54583883E-05    3
-0.66181003E-08 0.24657074E-11 0.16422716E+05 0.16735354E+01                   4
CH4   ANHARMONIC  L 8/88C   1H   4   0     0G   200.000  6000.000              1
 0.16354256E+01 0.10084431E-01 -0.33692369E-05 0.53497280E-09 -0.31552817E-13    2
-0.10005603E+05 0.99936953E+01 0.51498792E+01 -0.13671008E-01 0.49180130E-04    3
-0.48474403E-07 0.16669441E-10 -0.10246648E+05 -0.46413244E+01                   4
CH2OH             T12/00C   1H   3O  1     0G   200.000  6000.000              1
 4.72398695E+00 6.50832540E-03 -2.24240605E-06 3.51742805E-10 -2.06424726E-14    2
-3.95577100E+03 1.47350104E+00 4.73864580E+00 1.27132491E-03 1.46005656E-05    3
-1.83666166E-08 7.07708694E-12 -3.70620951E+03 2.65277676E+00                   4
CH3OH Methyl alc  T06/02C   1H   4O  1     0G   200.000  6000.000              1
 3.52726795E+00 1.03178783E-02 -3.62892944E-06 5.77448016E-10 -3.42182632E-14    2
-2.60028834E+04 5.16758693E+00 5.65851051E+00 -1.62983419E-02 6.91938156E-05    3
-7.58372926E-08 2.80427550E-11 -2.56119736E+04 -8.97330508E-01                   4
HCO               L12/89H   1C   1O  1     0G   200.000  6000.000              1
 3.64896209E+00 3.08090819E-03 -1.12429876E-06 1.86308085E-10 -1.13951828E-14    2
 3.71209048E+03 5.06147406E+00 4.22118584E+00 -3.24392532E-03 1.37799446E-05    3
-1.33144093E-08 4.33768865E-12 3.83956496E+03 3.39437243E+00                   4
CH2O              L 8/88H   2C   1O  1     0G   200.000  6000.000              1
 0.31694807E+01 0.61932742E-02 -0.22505981E-05 0.36598245E-09 -0.22015410E-13    2
-0.14478425E+05 0.60423533E+01 0.47937036E+01 -0.99081518E-02 0.37321459E-04    3
-0.37927902E-07 0.13177015E-10 -0.14308955E+05 0.60288702E+00                   4
C2H                81193C   2H   1          G  0300.00   4000.00  1000.00      1
 0.03986367E+02 0.03143123E-01 -0.01267243E-04 0.02924363E-08 -0.02716320E-12    2
 0.06655884E+06 0.01191063E+02 0.02737704E+02 0.08048446E-01 -0.09244310E-04    3
 0.06525259E-07 -0.01939580E-10 0.06683813E+06 0.07300220E+02                   4
C2HETHYNYL RAD    T07/00C   2H   1   0     0G   200.000  6000.000              1
 3.66459586E+00 3.82189487E-03 -1.36509398E-06 2.13253692E-10 -1.23098939E-14    2
 6.72238503E+04 3.91355399E+00 2.90180321E+00 1.32859725E-02 -2.80508233E-05    3
 2.89300812E-08 -1.07446930E-11 6.71171170E+04 6.17234595E+00                   4
C2H2              L 1/91C   2H   2   0     0G   200.000  3500.000  1000.000    1
 4.14756964E+00 5.96166664E-03 -2.37294852E-06 4.67412171E-10 -3.61235213E-14    2
 2.59359992E+04 -1.23028121E+00 8.08681094E-01 2.33615629E-02 -3.55171815E-05    3
 2.80152437E-08 -8.50072974E-12 2.64289807E+04 1.39397051E+01                   4
C2H3              T06/93C   2H   3   0     0G   200.000  6000.000              1
 0.47025310E+01 0.72642283E-02 -0.25801992E-05 0.41319944E-09 -0.24591492E-13    2
 0.34029675E+05 -0.14293714E+01 0.30019602E+01 0.30304354E-02 0.24444315E-04    3
-0.35810242E-07 0.15108700E-10 0.34868173E+05 0.93304495E+01                   4
C2H4              L 1/91C   2H   4   0     0G   200.000  3500.000  1000.000    1
 2.03611116E+00 1.46454151E-02 -6.71077915E-06 1.47222923E-09 -1.25706061E-13    2
 4.93988614E+03 1.03053693E+01 3.95920148E+00 -7.57052247E-03 5.70990292E-05    3
-6.91588753E-08 2.69884373E-11 5.08977593E+03 4.09733096E+00                   4
C2H5              L12/92C   2H   5   0     0G   200.000  3500.000  1000.000    1
 1.95465642E+00 1.73972722E-02 -7.98206668E-06 1.75217689E-09 -1.49641576E-13    2
 1.28575200E+04 1.34624343E+01 4.30646568E+00 -4.18658892E-03 4.97142807E-05    3
-5.99126606E-08 2.30509004E-11 1.28416265E+04 4.70720924E+00                   4
C2H6              L 8/88C   2H   6   0     0G   200.000  3500.000  1000.000    1
 1.07188150E+00 2.16852677E-02 -1.00256067E-05 2.21412001E-09 -1.90002890E-13    2
-1.14263932E+04 1.51156107E+01 4.29142492E+00 -5.50154270E-03 5.99438288E-05    3
-7.08466285E-08 2.68685771E-11 -1.15222055E+04 2.66682316E+00                   4
HCCO              T 6/94C   2H   1O  1     0G   200.000  6000.000              1
 0.58469006E+01 0.36405960E-02 -0.12959007E-05 0.20796919E-09 -0.12400022E-13    2
 0.19248496E+05 -0.52916533E+01 0.23350118E+01 0.17010083E-01 -0.22018867E-04    3
 0.15406447E-07 -0.43455097E-11 0.20050299E+05 0.11976729E+02                   4
HCCOH             T 4/93C   2H   2O  1     0G   200.000  6000.000              1
 0.63660255E+01 0.55038729E-02 -0.18851901E-05 0.29446414E-09 -0.17218598E-13    2
 0.89184965E+04 -0.82504705E+01 0.19654173E+01 0.25585205E-01 -0.38773334E-04    3
 0.31566335E-07 -0.10081670E-10 0.97694090E+04 0.12602749E+02                   4
CH2CO KETENE      T 6/94C   2H   2O  1     0G   200.000  6000.000              1
 0.57577901E+01 0.63496507E-02 -0.22584407E-05 0.36208462E-09 -0.21569030E-13    2
-0.79786113E+04 -0.61064037E+01 0.21401165E+01 0.18088368E-01 -0.17324216E-04    3
 0.92767477E-08 -0.19915011E-11 -0.70430509E+04 0.12198699E+02                   4
CH3CO             T 9/92C   2H   3O  1     0G   200.000  6000.0    1000.0      1
 0.59447731E+01 0.78667205E-02 -0.28865882E-05 0.47270875E-09 -0.28599861E-13    2
-0.37873075E+04 -0.50136751E+01 0.41634257E+01 -0.23261610E-03 0.34267820E-04    3
-0.44105227E-07 0.17275612E-10 -0.26574529E+04 0.73468280E+01                   4
CH3HCO            L 8/88C   2H   4O  1     0G   200.000  6000.000              1
 0.54041108E+01 0.11723059E-01 -0.42263137E-05 0.68372451E-09 -0.40984863E-13    2
-0.22593122E+05 -0.34807917E+01 0.47294595E+01 -0.31932858E-02 0.47534921E-04    3
-0.57458611E-07 0.21931112E-10 -0.21572878E+05 0.41030159E+01                   4
C3H2(a) H2C*-CC*  T12/00C   3H   2   0     0G   200.000  6000.000 1000.        1
 6.67324762E+00 5.57728845E-03 -1.99180164E-06 3.20289156E-10 -1.91216272E-14    2
 7.57571184E+04 -9.72894405E+00 2.43417332E+00 1.73013063E-02 -1.18294047E-05    3
 1.02756396E-09 1.62626314E-12 7.69074892E+04 1.21012230E+01 7.83005132E+04    4
C3H2(b) HCC-CH**  S 4/01C   3H   2   0     0G   200.000  6000.000 1000.        1
 6.74647935E+00 5.43300689E-03 -1.92072371E-06 3.06675624E-10 -1.82157001E-14    2
 9.59157420E+04 -1.02270830E+01 2.87526884E+00 1.99235624E-02 -2.41971222E-05    3
 1.66378231E-08 -4.69230977E-12 9.68191728E+04 8.88674315E+00 9.83788582E+04    4
C3H2(c) *HC=C=CH* S 4/01C   3H   2   0     0G   200.000  6000.000 1000.        1
 7.47247827E+00 4.57765160E-03 -1.56482125E-06 2.43991965E-10 -1.42462924E-14    2
 8.83321441E+04 -1.27113314E+01 3.74356467E+00 2.51955211E-02 -4.62608277E-05    3
 4.34360520E-08 -1.53992558E-11 8.89297787E+04 4.22612394E+00 9.08356403E+04    4
C3H2              102193H   2C   3          G  0150.00   4000.00  1000.00      1
 0.07670981E+02 0.02748749E-01 -0.04370943E-05 -0.06455599E-09 0.01663887E-12    2
 0.06259722E+06 -0.01236890E+03 0.03166714E+02 0.02482572E+00 -0.04591637E-03    3
 0.04268019E-06 -0.01482152E-09 0.06350421E+06 0.08869446E+02                   4
C3H3 PROPARGYL    T 5/97C   3H   3   0     0G   200.000  6000.000              1
 7.14221880E+00 7.61902005E-03 -2.67459950E-06 4.24914801E-10 -2.51475415E-14    2
 3.89087427E+04 -1.25848435E+01 1.35110927E+00 3.27411223E-02 -4.73827135E-05    3
 3.76309808E-08 -1.18540923E-11 4.01057783E+04 1.52058924E+01                   4
H2CCCH PROPARGYL  T 5/97C   3H   3   0     0G   200.000  6000.000              1
 7.14221880E+00 7.61902005E-03 -2.67459950E-06 4.24914801E-10 -2.51475415E-14    2
 3.89087427E+04 -1.25848435E+01 1.35110927E+00 3.27411223E-02 -4.73827135E-05    3
 3.76309808E-08 -1.18540923E-11 4.01057783E+04 1.52058924E+01                   4
C3H4 ALLENE       L 8/89C   3H   4   0     0G   200.000  6000.000              1
 0.63168722E+01 0.11133728E-01 -0.39629378E-05 0.63564238E-09 -0.37875540E-13    2
 0.20117495E+05 -0.10995766E+02 0.26130445E+01 0.12122575E-01 0.18539880E-04    3
-0.34525149E-07 0.15335079E-10 0.21541567E+05 0.10226139E+02                   4
C3H4P             101993H   4C   3          G  0300.00   4000.00  1400.00      1
 0.09768102E+02 0.05219151E-01 -0.03753140E-05 -0.02992191E-08 0.05107878E-12    2
 0.01860277E+06 -0.03020678E+03 0.03029730E+02 0.01498961E+00 -0.01398500E-04    3
-0.03969619E-07 0.01388217E-10 0.02148408E+06 0.08004594E+02                   4
CH2CHCH2           82489C   3H   5          G  0300.00   4000.00  1000.00      1
 0.09651539E+02 0.08075596E-01 -0.07965424E-05 -0.04650696E-08 0.08603280E-12    2
 0.01530096E+06 -0.02686774E+03 0.02276486E+02 0.01985564E+00 0.01123842E-04    3
-0.01014576E-06 0.03441342E-10 0.01789497E+06 0.01372515E+03                   4
C4H               P 1/93C   4H   1   0     0G   300.000  3000.000              1
 0.77697593E+01 0.49829976E-02 -0.17628546E-05 0.28144284E-09 -0.16689869E-13    2
 0.94345900E+05 -0.14165274E+02 0.13186295E+01 0.38582956E-01 -0.71385623E-04    3
 0.65356359E-07 -0.22617666E-10 0.95456106E+05 0.15567583E+02                   4
C4H2              P 1/93C   4H   2   0     0G   300.000  3000.000              1
 0.86637708E+01 0.67247189E-02 -0.23593397E-05 0.37506380E-09 -0.22230940E-13    2
 0.53252275E+05 -0.21093503E+02 -0.39201030E+00 0.51937565E-01 -0.91737340E-04    3
 0.80471986E-07 -0.26898218E-10 0.54845266E+05 0.20957794E+02                   4
HCCHCCH            82489C   4H   3          G  0300.00   4000.00  1000.00      1
 0.01075274E+03 0.05381153E-01 -0.05549638E-05 -0.03052266E-08 0.05761740E-12    2
 0.06121419E+06 -0.02973025E+03 0.04153882E+02 0.01726287E+00 -0.02389374E-05    3
-0.01018700E-06 0.04340505E-10 0.06338071E+06 0.06036507E+02                   4
H2CCCCH            82489C   4H   3          G  0300.00   4000.00  1000.00      1
 0.01131409E+03 0.05014414E-01 -0.05350445E-05 -0.02825309E-08 0.05403279E-12    2
 0.05181211E+06 -0.03062434E+03 0.06545799E+02 0.01242477E+00 0.05603226E-05    3
-0.05631141E-07 0.01665218E-10 0.05352503E+06 -0.04264082E+02                   4
CH2CHCCH           82489C   4H   4          G  0300.00   4000.00  1000.00      1
 0.01069777E+03 0.06982014E-01 -0.06567747E-05 -0.03884517E-08 0.07200946E-12    2
 0.03034803E+06 -0.03128430E+03 0.03233893E+02 0.01865634E+00 0.01270320E-04    3
-0.09410096E-07 0.02956111E-10 0.03301097E+06 0.09922676E+02                   4
CH2CHCHCH          82489C   4H   5          G  0300.00   4000.00  1000.00      1
 0.01286597E+03 0.07943369E-01 -0.08626466E-05 -0.04655635E-08 0.08951131E-12    2
 0.03783552E+06 -0.04182502E+03 0.02995240E+02 0.02288456E+00 0.01975471E-04    3
-0.01148245E-06 0.03197824E-10 0.04142218E+06 0.01289454E+03                   4
CH2CHCCH2          82489C   4H   5          G  0300.00   4000.00  1000.00      1
 0.01199776E+03 0.07990580E-01 -0.08098173E-05 -0.04568733E-08 0.08636910E-12    2
 0.03228493E+06 -0.03528495E+03 0.03879443E+02 0.01997664E+00 0.01872777E-04    3
-0.09306953E-07 0.02386116E-10 0.03526859E+06 0.09842152E+02                   4
C4H6              A 8/83C   4H  6    0     0G   300      3000.                 1
 0.71309430E01 0.20640080E-01 -0.93239060E-05 0.21473070E-08 -0.20613610E-12    2
 0.96126540E04 -0.14172220E02 -0.25309000E01 0.53879690E-01 -0.51739330E-04    3
 0.25107200E-07 -0.43247260E-11 0.11876910E05 0.33913880E02                   4
CH2CHCHCH2        A 8/83C   4H  6    0     0G   300      3000.                 1
 0.71309430E01 0.20640080E-01 -0.93239060E-05 0.21473070E-08 -0.20613610E-12    2
 0.96126540E04 -0.14172220E02 -0.25309000E01 0.53879690E-01 -0.51739330E-04    3
 0.25107200E-07 -0.43247260E-11 0.11876910E05 0.33913880E02                   4
CH3CCCH2  Marinov 82489 C   4H   5         0G   300.000  4000.000  1000.00     1
 0.01156506e+03 0.08030297e-01 -0.07649450e-05 -0.04476534e-08 0.08313260e-12    2
 0.03256813e+06 -0.03014066e+03 0.05068450e+02 0.01571747e+00 0.02968975e-04    3
-0.04990587e-07 -0.02984224e-11 0.03518855e+06 0.06791893e+02                   4
H2C4O             120189H   2C   4O  1     0G   300.00   4000.00  1000.00      1
 0.01026888E+03 0.04896164E-01 -0.04885081E-05 -0.02708566E-08 0.05107013E-12    2
 0.02346903E+06 -0.02815985E+03 0.04810971E+02 0.01313999E+00 0.09865073E-05    3
-0.06120720E-07 0.01640003E-10 0.02545803E+06 0.02113424E+02                   4
C5H2               20587C   5H   2          G  0300.00   5000.00  1000.00      1
 0.01132917E+03 0.07424057E-01 -0.02628189E-04 0.04082541E-08 -0.02301333E-12    2
 0.07878706E+06 -0.03617117E+03 0.03062322E+02 0.02709998E+00 -0.01009170E-03    3
-0.01272745E-06 0.09167219E-10 0.08114969E+06 0.07071078E+02                   4
C5H3              T 2/92C   5H   3   0     0G   200.000  6000.000              1
 0.10296658E+02 0.10470124E-01 -0.37746103E-05 0.61077326E-09 -0.36621089E-13    2
 0.68439389E+05 -0.27338507E+02 0.15946538E+01 0.43378369E-01 -0.56253789E-04    3
 0.41304029E-07 -0.12456939E-10 0.70491079E+05 0.15644812E+02                   4
C5H5 CY           T12/89C   5H   5   0     0G   200.000  6000.000              1
 0.10844072E+02 0.15392831E-01 -0.55630422E-05 0.90189440E-09 -0.54156619E-13    2
 0.26950886E+05 -0.35254983E+02 -0.95902849E+00 0.31396777E-01 0.26724050E-04    3
-0.68942183E-07 0.33301983E-10 0.30779441E+05 0.29072780E+02                   4
C5H6              T 1/90C   5H   6   0     0G   200.000  6000.000              1
 0.99757848E+01 0.18905543E-01 -0.68411461E-05 0.11099340E-08 -0.66680236E-13    2
 0.11081693E+05 -0.32209454E+02 0.86108957E+00 0.14804031E-01 0.72108895E-04    3
-0.11338055E-06 0.48689972E-10 0.14801755E+05 0.21353453E+02                   4
C5H4OH CYCLO RAD  T 8/99C   5H   5O  1     0G   200.000  6000.000              1
 1.33741248E+01 1.51996469E-02 -5.45685046E-06 8.80944866E-10 -5.27493258E-14    2
 2.20358027E+03 -4.59569069E+01 -1.28398054E+00 4.90298511E-02 -1.35844414E-05    3
-2.92983743E-08 1.90820619E-11 6.37364803E+03 3.08073591E+01                   4
C5H5O             D 9/97C   5H   5O  1     0G   300.000  3000.000              1
 0.85405312E+01 0.22989510E-01 -0.95437563E-05 0.17061612E-08 -0.97459360E-13    2
 0.22263699E+05 -0.20818825E+02 -0.30777600E+01 0.52581679E-01 -0.28856513E-04    3
-0.33885479E-08 0.63361399E-11 0.25510455E+05 0.39591522E+02                   4
C6H               P 1/93C   6H   1   0     0G   300.000  3000.000              1
 0.12370055E+02 0.52177699E-02 -0.16885009E-05 0.25807149E-09 -0.15472851E-13    2
 0.12158739E+06 -0.34952797E+02 -0.25630299E+00 0.63793827E-01 -0.11440118E-03    3
 0.10136744E-06 -0.34361855E-10 0.12408855E+06 0.24930750E+02                   4
C6H2              P 1/93C   6H   2   0     0G   300.000  3000.000              1
 0.13226281E+02 0.73904302E-02 -0.22715381E-05 0.25875217E-09 -0.55356741E-14    2
 0.80565258E+05 -0.41201176E+02 -0.15932624E+01 0.80530145E-01 -0.14800649E-03    3
 0.13300031E-06 -0.45332313E-10 0.83273227E+05 0.27980873E+02                   4
C6H3              H6W/94C   6H   3   0     0G   300.000  3000.000              1
 0.58188343E+01 0.27933408E-01 -0.17825427E-04 0.53702536E-08 -0.61707627E-12    2
 0.85188250E+05 -0.92147827E+00 0.11790619E+01 0.55547360E-01 -0.73076168E-04    3
 0.52076736E-07 -0.15046964E-10 0.85647312E+05 0.19179199E+02                   4
l-C6H4            H6W/94C   6H   4   0     0G   300.000  3000.000              1
 0.12715182E+02 0.13839662E-01 -0.43765440E-05 0.31541636E-09 0.46619026E-13    2
 0.57031148E+05 -0.39464600E+02 0.29590225E+00 0.58053318E-01 -0.67766756E-04    3
 0.43376762E-07 -0.11418864E-10 0.60001371E+05 0.22318970E+02                   4
c-C6H4            H6W/94C   6H   4   0     0G   300.000  3000.000              1
 0.13849209E+02 0.78807920E-02 0.18243836E-05 -0.21169166E-08 0.37459977E-12    2
 0.47446340E+05 -0.50404953E+02 -0.30991268E+01 0.54030564E-01 -0.40839004E-04    3
 0.10738837E-07 0.98078490E-12 0.52205711E+05 0.37415207E+02                   4
C6H5  PHENYL RAD  T04/02C   6H   5   0     0G   200.000  6000.000              1
 1.08444762E+01 1.73212473E-02 -6.29233249E-06 1.02369961E-09 -6.16216828E-14    2
 3.55598475E+04 -3.53735134E+01 2.10306633E-01 2.04745507E-02 5.89743006E-05    3
-1.01534255E-07 4.47105660E-11 3.95468722E+04 2.52910455E+01                   4
A1-   PHENYL RAD  T04/02C   6H   5   0     0G   200.000  6000.000              1
 1.08444762E+01 1.73212473E-02 -6.29233249E-06 1.02369961E-09 -6.16216828E-14    2
 3.55598475E+04 -3.53735134E+01 2.10306633E-01 2.04745507E-02 5.89743006E-05    3
-1.01534255E-07 4.47105660E-11 3.95468722E+04 2.52910455E+01                   4
A1                H6W/94C   6H   6   0     0G   300.000  3000.000              1
 0.17246994E+02 0.38420164E-02 0.82776232E-05 -0.48961120E-08 0.76064545E-12    2
 0.26646055E+04 -0.71945175E+02 -0.48998680E+01 0.59806932E-01 -0.36710087E-04    3
 0.32740399E-08 0.37600886E-11 0.91824570E+04 0.44095642E+02                   4
C6H5CH2           T08/90C   7H   7   0     0G   200.000  6000.000              1
 0.14043980E+02 0.23493873E-01 -0.85375367E-05 0.13890841E-08 -0.83614420E-13    2
 0.18564203E+05 -0.51665589E+02 0.48111540E+00 0.38512832E-01 0.32861492E-04    3
-0.76972721E-07 0.35423068E-10 0.23307027E+05 0.23548820E+02                   4


C6H5O  Phenoxy R  T05/02C   6H   5O  1     0G   200.000  6000.000              1
 1.37221720E+01 1.74688771E-02 -6.35504520E-06 1.03492308E-09 -6.23410504E-14    2
 2.87274751E+02 -4.88181680E+01 -4.66204455E-01 4.13443975E-02 1.32412991E-05    3
-5.72872769E-08 2.89763707E-11 4.77858391E+03 2.76990274E+01                   4
C6H5OH            L 4/84C   6H   6O  1     0G   300.000  5000.000              1
 0.14912073E02 0.18378135E-01 -0.61983128E-05 0.91983221E-09 -0.49209565E-13    2
-0.18375199E05 -0.55924103E02 -0.16956539E01 0.52271299E-01 -0.72024050E-05    3
-0.35859603E-07 0.20449073E-10 -0.13284121E05 0.32542160E02                   4
C6H5C3H2  Therm   28497 C   9H   7         0G   300.00   5000.00               1
 2.14101175E+01 2.15575980E-02 -7.59506053E-06 1.20287606E-09 -7.07668720E-14    2
 3.98659950E+04 -9.13237271E+01 -4.00080758E+00 8.27214735E-02 -6.46947634E-05    3
 2.58186084E-08 -4.19367776E-12 4.85218027E+04 4.45315786E+01                   4
P2-               H6W/94C  12H   9   0     0G   300.000  3000.000              1
 0.44711853E+02 -0.22851825E-01 0.39102117E-04 -0.17352100E-07 0.24579375E-11    2
 0.33714000E+05 -0.21220692E+03 -0.11851097E+02 0.13545156E+00 -0.13310938E-03    3
 0.73769911E-07 -0.18193003E-10 0.49878781E+05 0.81107361E+02                   4
C6H5C6H4          H6W/94C  12H   9   0     0G   300.000  3000.000              1
 0.44711853E+02 -0.22851825E-01 0.39102117E-04 -0.17352100E-07 0.24579375E-11    2
 0.33714000E+05 -0.21220692E+03 -0.11851097E+02 0.13545156E+00 -0.13310938E-03    3
 0.73769911E-07 -0.18193003E-10 0.49878781E+05 0.81107361E+02                   4
P2                H6W/94C  12H  10   0     0G   300.000  3000.000              1
 0.50761871E+02 -0.34501564E-01 0.50293413E-04 -0.21559579E-07 0.30097192E-11    2
 0.21538867E+04 -0.24670712E+03 -0.10283234E+02 0.12428707E+00 -0.95990268E-04    3
 0.32294793E-07 -0.23045229E-11 0.20165258E+05 0.72707947E+02                   4
A1C2H  C6H5CCH    T 9/96C   8H   6   0     0G   200.000  6000.000              1
 0.15638086E+02 0.22068432E-01 -0.80253111E-05 0.13065013E-08 -0.78679279E-13    2
 0.32272867E+05 -0.59610868E+02 -0.87234720E+00 0.51839614E-01 0.66079738E-05    3
-0.55950961E-07 0.29284749E-10 0.37461628E+05 0.29096304E+02                   4
A1C2H-            H6W/94C   8H   5   0     0G   300.000  3000.000              1
 0.12359501E+02 0.25453357E-01 -0.10606554E-04 0.18914603E-08 -0.10630622E-12    2
 0.60930461E+05 -0.40900208E+02 -0.44495859E+01 0.76995067E-01 -0.66617038E-04    3
 0.25038682E-07 -0.19756601E-11 0.65225926E+05 0.44427948E+02                   4
A1C2H*            H6W/94C   8H   5   0     0G   300.000  3000.000              1
 0.28686157E+02 -0.13869863E-01 0.22721186E-04 -0.99882271E-08 0.14085851E-11    2
 0.56047309E+05 -0.12750334E+03 -0.29324217E+01 0.66043675E-01 -0.39500475E-04    3
-0.31830381E-08 0.85300387E-11 0.65324043E+05 0.38058685E+02                   4
A1C2HP2           H6W/94C  10H   6   0     0G   300.000  3000.000              1
 0.39766785E+02 -0.24939798E-01 0.34210185E-04 -0.14473258E-07 0.20104023E-11    2
 0.50136750E+05 -0.18657632E+03 -0.75570364E+01 0.12159592E+00 -0.15138849E-03    3
 0.10287488E-06 -0.28950911E-10 0.62914168E+05 0.55213287E+02                   4
n-A1C2H2 RADICAL  T 2/99C   8H   7   0     0G   200.000  6000.000              1
 1.80458471E+01 2.21498794E-02 -8.05082743E-06 1.30961070E-09 -7.88615885E-14    2
 3.87090843E+04 -7.17917960E+01 -8.85283632E-01 5.61565120E-02 1.16600084E-05    3
-6.99146159E-08 3.63590274E-11 4.45850990E+04 2.97497087E+01                   4
i-A1C2H2          H6W/94C   8H   7   0     0G   300.000  3000.000              1
 0.24365524E+02 0.11262144E-02 0.12931670E-04 -0.69641146E-08 0.10540145E-11    2
 0.33549121E+05 -0.10462067E+03 -0.25971584E+01 0.63454390E-01 -0.20852312E-04    3
-0.22604624E-07 0.15112869E-10 0.41707375E+05 0.37893417E+02                   4
A1C2H3            T12/94C   8H   8   0     0G   298.150  5000.000              1
 0.16139277E+02 0.24210847E-01 -0.72678359E-05 0.11392276E-08 -0.72984881E-13    2
 0.10249251E+05 -0.61169437E+02 -0.10717708E+02 0.12666725E+00 -0.17762493E-03    3
 0.14344049E-06 -0.47616577E-10 0.16597133E+05 0.71526331E+02                   4
A1C2H3*           H6W/94C   8H   7   0     0G   300.000  3000.000              1
 0.11563599E+02 0.30210810E-01 -0.11545593E-04 0.17302320E-08 -0.52379765E-13    2
 0.40498492E+05 -0.34882965E+02 -0.38868685E+01 0.68168961E-01 -0.34805875E-04    3
-0.56410254E-08 0.80714758E-11 0.44941359E+05 0.45943188E+02                   4
A2-1              H6W/94C  10H   7   0     0G   300.000  3000.000              1
 0.38380905E+02 -0.23157451E-01 0.35479272E-04 -0.15395457E-07 0.21609069E-11    2
 0.32698469E+05 -0.18106512E+03 -0.85287294E+01 0.10334599E+00 -0.91922702E-04    3
 0.43147448E-07 -0.85738135E-11 0.46335004E+05 0.63342224E+02                   4
A2-               H6W/94C  10H   7   0     0G   300.000  3000.000              1
 0.38380905E+02 -0.23157451E-01 0.35479272E-04 -0.15395457E-07 0.21609069E-11    2
 0.32698469E+05 -0.18106512E+03 -0.85287294E+01 0.10334599E+00 -0.91922702E-04    3
 0.43147448E-07 -0.85738135E-11 0.46335004E+05 0.63342224E+02                   4
A2-2              H6W/94C  10H   7   0     0G   300.000  3000.000              1
 0.37326401E+02 -0.20478070E-01 0.33183067E-04 -0.14576987E-07 0.20569137E-11    2
 0.32840301E+05 -0.17537704E+03 -0.38448524E+01 0.70514679E-01 -0.93748040E-05    3
-0.44051607E-07 0.24267865E-10 0.45627656E+05 0.43582001E+02                   4
A2                H6W/94C  10H   8   0     0G   300.000  3000.000              1
 0.36468643E+02 -0.15419513E-01 0.30160038E-04 -0.13700120E-07 0.19582730E-11    2
 0.35091445E+04 -0.17329489E+03 -0.94505043E+01 0.11137849E+00 -0.10345667E-03    3
 0.52800392E-07 -0.11804439E-10 0.16695594E+05 0.65187668E+02                   4
A2C2HA            H6W/94C  12H   8   0     0G   300.000  3000.000              1
 0.49453674E+02 -0.33857111E-01 0.46505607E-04 -0.19681195E-07 0.27340769E-11    2
 0.26851051E+05 -0.23933099E+03 -0.11530450E+02 0.14741433E+00 -0.17302344E-03    3
 0.11500390E-06 -0.32709183E-10 0.43793129E+05 0.74391754E+02                   4
A2C2H             H6W/94C  12H   8   0     0G   300.000  3000.000              1
 0.49453674E+02 -0.33857111E-01 0.46505607E-04 -0.19681195E-07 0.27340769E-11    2
 0.26851051E+05 -0.23933099E+03 -0.11530450E+02 0.14741433E+00 -0.17302344E-03    3
 0.11500390E-06 -0.32709183E-10 0.43793129E+05 0.74391754E+02                   4
A2C2HA*           H6W/94C  12H   7   0     0G   300.000  3000.000              1
 0.36614349E+02 -0.60314685E-02 0.21614964E-04 -0.10579910E-07 0.15563124E-11    2
 0.60723898E+05 -0.17026691E+03 -0.84175968E+01 0.12391680E+00 -0.12250672E-03    3
 0.64071344E-07 -0.13889583E-10 0.73248562E+05 0.61893204E+02                   4
A2C2H*            H6W/94C  12H   7   0     0G   300.000  3000.000              1
 0.36614349E+02 -0.60314685E-02 0.21614964E-04 -0.10579910E-07 0.15563124E-11    2
 0.60723898E+05 -0.17026691E+03 -0.84175968E+01 0.12391680E+00 -0.12250672E-03    3
 0.64071344E-07 -0.13889583E-10 0.73248562E+05 0.61893204E+02                   4
A2C2HB            H6W/94C  12H   8   0     0G   300.000  3000.000              1
 0.18184774E+02 0.41343965E-01 -0.17302822E-04 0.31004770E-08 -0.17580817E-12    2
 0.36171543E+05 -0.73466003E+02 -0.68233256E+01 0.11382083E+00 -0.88584900E-04    3
 0.25930856E-07 0.80712824E-12 0.42797719E+05 0.54592098E+02                   4
A2C2HB*           H6W/94C  12H   7   0     0G   300.000  3000.000              1
 0.44933517E+02 -0.26026871E-01 0.38589074E-04 -0.16646357E-07 0.23321310E-11    2
 0.57926637E+05 -0.21417279E+03 -0.11824737E+02 0.14904183E+00 -0.18618468E-03    3
 0.13129460E-06 -0.39145326E-10 0.73385375E+05 0.76273834E+02                   4
A2C2HP2           H6W/94C  14H   8   0     0G   300.000  3000.000              1
 0.23671062E+02 0.42137049E-01 -0.17596645E-04 0.31081251E-08 -0.16805216E-12    2
 0.77926273E+05 -0.99615448E+02 -0.63029008E+01 0.13745695E+00 -0.13055481E-03    3
 0.60730663E-07 -0.10178345E-10 0.85489430E+05 0.51891548E+02                   4
A2R5              H6W/94C  12H   8   0     0G   300.000  3000.000              1
 0.45883698E+02 -0.27226903E-01 0.41569336E-04 -0.18047093E-07 0.25351396E-11    2
 0.13394574E+05 -0.22304584E+03 -0.97011614E+01 0.12019449E+00 -0.98907694E-04    3
 0.37240884E-07 -0.41124578E-11 0.29601926E+05 0.66970596E+02                   4
A2R5-             P10/91C  12H   7   0     0G   300.000  3000.000              1
 0.11953428E+02 0.52386072E-01 -0.27695257E-04 0.69858391E-08 -0.68493856E-12    2
 0.53199520E+05 -0.40392492E+02 -0.73380268E+01 0.11196580E+00 -0.93282945E-04    3
 0.35866342E-07 -0.42660222E-11 0.58059767E+05 0.57350714E+02                   4
C5H4O CY CPD-ONE  T 8/99C   5H   4O  1     0G   200.000  6000.000              1
 1.00806824E+01 1.61143465E-02 -5.83314509E-06 9.46759320E-10 -5.68972206E-14    2
 1.94364771E+03 -2.94521623E+01 2.64576497E-01 3.34873827E-02 1.67738470E-06    3
-2.96207455E-08 1.54431476E-11 5.11159287E+03 2.35409513E+01                   4
IND* INDENYL      T 9/96C   9H   7   0     0G   200.000  6000.000              1
 0.18554959E+02 0.25035076E-01 -0.91457509E-05 0.14934838E-08 -0.90133030E-13    2
 0.25721156E+05 -0.76300347E+02 -0.26698729E+01 0.62177216E-01 0.15067018E-04    3
-0.79645699E-07 0.40918972E-10 0.32386969E+05 0.37861193E+02                   4
A3-4              H6W/94C  14H   9   0     0G   300.000  3000.000              1
 0.55788879E+02 -0.37930615E-01 0.53528085E-04 -0.22830790E-07 0.31841231E-11    2
 0.32605633E+05 -0.27378882E+03 -0.11266616E+02 0.14216852E+00 -0.12632679E-03    3
 0.58348800E-07 -0.11184283E-10 0.52141961E+05 0.75774780E+02                   4
A3-               H6W/94C  14H   9   0     0G   300.000  3000.000              1
 0.55788879E+02 -0.37930615E-01 0.53528085E-04 -0.22830790E-07 0.31841231E-11    2
 0.32605633E+05 -0.27378882E+03 -0.11266616E+02 0.14216852E+00 -0.12632679E-03    3
 0.58348800E-07 -0.11184283E-10 0.52141961E+05 0.75774780E+02                   4
A3-1              H6W/94C  14H   9   0     0G   300.000  3000.000              1
 0.51812469E+02 -0.28380312E-01 0.45409150E-04 -0.19924162E-07 0.28118107E-11    2
 0.34357359E+05 -0.25257889E+03 -0.73971558E+01 0.11464679E+00 -0.57456185E-04    3
-0.14070547E-07 0.16005933E-10 0.52239715E+05 0.59582397E+02                   4
A3                H6W/94C  14H  10   0     0G   300.000  3000.000              1
 0.55916473E+02 -0.35253201E-01 0.52522926E-04 -0.22672634E-07 0.31770584E-11    2
 0.32654609E+04 -0.27604980E+03 -0.12275226E+02 0.15032256E+00 -0.13862801E-03    3
 0.69376767E-07 -0.15105445E-10 0.23030492E+05 0.78889145E+02                   4
A3C2H             H6W/94C  16H  10   0     0G   300.000  3000.000              1
 0.52165146E+02 -0.13197318E-01 0.34353056E-04 -0.16283892E-07 0.23677362E-11    2
 0.34235055E+05 -0.25406651E+03 -0.11602674E+02 0.16824394E+00 -0.16432030E-03    3
 0.86394380E-07 -0.19310567E-10 0.52172836E+05 0.75515366E+02                   4
C6H4O2  O=C6H4=O  T10/97C   6H   4O  2     0G   200.000  6000.000              1
 1.43886174E+01 1.81624210E-02 -6.69934678E-06 1.10097880E-09 -6.67372266E-14    2
-2.12444054E+04 -5.02572901E+01 3.79867882E+00 2.51676569E-02 3.79846917E-05    3
-7.06777516E-08 3.06126573E-11 -1.72429606E+04 9.80455363E+00                   4
A4-               H6W/94C  16H   9   0     0G   300.000  3000.000              1
 0.22088816E+02 0.53355407E-01 -0.22329932E-04 0.39479620E-08 -0.21313176E-12    2
 0.45200934E+05 -0.96724930E+02 -0.96258593E+01 0.13385314E+00 -0.77600773E-04    3
-0.36330547E-08 0.13855670E-10 0.54171852E+05 0.68499725E+02                   4
A4                H6W/94C  16H  10   0     0G   300.000  3000.000              1
 0.58017273E+02 -0.29164989E-01 0.48728383E-04 -0.21593682E-07 0.30609786E-11    2
 0.43451016E+04 -0.29017163E+03 -0.13759249E+02 0.16772294E+00 -0.15500121E-03    3
 0.75759544E-07 -0.15674045E-10 0.24996187E+05 0.82853027E+02                   4
C7H16      2/10/95      C   7H  16    0    0G   300.000  5000.000 1391.000     1
 2.22148969E+01 3.47675750E-02 -1.18407129E-05 1.83298478E-09 -1.06130266E-13    2
-3.42760081E+04 -9.23040196E+01 -1.26836187E+00 8.54355820E-02 -5.25346786E-05    3
 1.62945721E-08 -2.02394925E-12 -2.56586565E+04 3.53732912E+01                   4
C7H15-1    2/10/95      C   7H  15    0    0G   300.000  5000.000 1390.000     1
 2.17940709E+01 3.26280243E-02 -1.11138244E-05 1.72067148E-09 -9.96366999E-14    2
-9.20938221E+03 -8.64954311E+01 -4.99570406E-01 8.08826467E-02 -5.00532754E-05    3
 1.56549308E-08 -1.96616227E-12 -1.04590223E+03 3.46564011E+01                   4
C7H15-2    2/10/95      C   7H  15    0    0G   300.000  5000.000 1382.000     1
 2.16368842E+01 3.23324804E-02 -1.09273807E-05 1.68357060E-09 -9.71774091E-14    2
-1.05873616E+04 -8.52209653E+01 -3.79155767E-02 7.56726570E-02 -4.07473634E-05    3
 9.32678943E-09 -4.92360745E-13 -2.35605303E+03 3.37321506E+01                   4
C7H15-3    2/10/95      C   7H  15    0    0G   300.000  5000.000 1382.000     1
 2.16368842E+01 3.23324804E-02 -1.09273807E-05 1.68357060E-09 -9.71774091E-14    2
-1.05873616E+04 -8.52209653E+01 -3.79155767E-02 7.56726570E-02 -4.07473634E-05    3
 9.32678943E-09 -4.92360745E-13 -2.35605303E+03 3.37321506E+01                   4
C7H15      2/10/95      C   7H  15    0    0G   300.000  5000.000 1382.000     1
 2.16368842E+01 3.23324804E-02 -1.09273807E-05 1.68357060E-09 -9.71774091E-14    2
-1.05873616E+04 -8.59104470E+01 -3.79155767E-02 7.56726570E-02 -4.07473634E-05    3
 9.32678943E-09 -4.92360745E-13 -2.35605303E+03 3.30426690E+01                   4
C5H11-1    1/14/95 THERMC   5H  11    0    0G   300.000  5000.000 1397.00      1
 1.53234740E+01 2.39041200E-02 -8.14771619E-06 1.26176236E-09 -7.30677335E-14    2
-9.23241637E+02 -5.49528859E+01 -9.05255912E-01 6.10632852E-02 -4.09491825E-05    3
 1.46093470E-08 -2.18859615E-12 4.83995303E+03 3.25574963E+01                   4
C3H7               MAR97C   3H   7    0    0G   300.     5000.    1390.        1
 9.43799350E00 1.47160681E-02 -5.03338420E-06 7.81317497E-10 -4.35209260E-14    2
 7.27396508E03 -2.60136738E01 1.13366571E-01 3.54171389E-02 -2.28073697E-05    3
 7.88746806E-09 -1.16856961E-12 1.06821595E04 2.45520758E01                   4
i-C3H7             MAR97C   3H   7    0    0G   300.     5000.    1373.        1
 9.73563939E00 1.43303634E-02 -4.88106037E-06 7.56304810E-10 -4.38380156E-14    2
 5.67000911E03 -2.78414926E01 5.86358461E-01 3.21021065E-02 -1.69517004E-05    3
 3.98986301E-09 -2.87510333E-13 9.26003586E03 2.26632577E01                   4
C4H9                    C   4H   9         0G   300.000  5000.000 1391.000     1
 1.25852385E01 1.92111694E-02 -6.57326410E-06 1.02061869E-09 -5.92133242E-14    2
 1.53395154E03 -4.25650737E01 -5.63779275E-02 4.74665020E-02 -3.09478578E-05    3
 1.07730695E-08 -1.59440284E-12 6.12170926E03 2.58974787E01                   4
C4H9-2                  C   4H   9         0G   300.000  5000.000 1389.000     1
 1.23398640E01 1.94566551E-02 -6.66587399E-06 1.03587853E-09 -6.01337064E-14    2
-9.75055642E01 -4.11088156E01 1.74685325E-01 4.58190786E-02 -2.84765915E-05    3
 9.33371769E-09 -1.29845542E-12 4.41088767E03 2.50851641E01                   4
C4H9-3       19/91 THERMC   4H   9    0    0G   300.000  5000.000 1381.00      1
 9.94382112E+00 2.16693078E-02 -7.47001405E-06 1.16578454E-09 -6.78791834E-14    2
-4.06100251E+02 -2.98153785E+01 -2.73729204E+00 4.55390345E-02 -2.26390939E-05    3
 4.56951052E-09 -1.55321795E-13 4.65498223E+03 4.04683378E+01                   4
C6H12-1    2/14/95      C   6H  12    0    0G   300.000  5000.000 1392.00      1
 1.78337529E+01 2.67377658E-02 -9.10036773E-06 1.40819768E-09 -8.15124244E-14    2
-1.42062860E+04 -6.83818851E+01 -1.35275205E+00 6.98655426E-02 -4.59408022E-05    3
 1.56967343E-08 -2.21296175E-12 -7.34368617E+03 3.53120691E+01                   4
C5H10-1            BURCTC   5H  10         0G   300.000  5000.000 1000.000     1
 0.12541454E02 0.23941070E-01 -0.77445529E-05 0.11157970E-08 -0.57968116E-13    2
-0.87175352E04 -0.39854187E02 0.17627859E01 0.38902789E-01 0.58380774E-05    3
-0.30547188E-07 0.13839465E-10 -0.48109883E04 0.19929169E02                   4
C3H6              120186C   3H   6          G  0300.00   5000.00  1000.00      1
 0.06732257E+02 0.01490834E+00 -0.04949899E-04 0.07212022E-08 -0.03766204E-12    2
-0.09235703E+04 -0.01331335E+03 0.01493307E+02 0.02092518E+00 0.04486794E-04    3
-0.01668912E-06 0.07158146E-10 0.01074826E+05 0.01614534E+03                   4
C4H8-1            BURCT C   4H   8    0    0G   300.00   5000.    1000.00      1
 0.20535841E01 0.34350507E-01 -0.15883197E-04 0.33089662E-08 -0.25361045E-12    2
-0.21397231E04 0.15556360E02 0.11811380E01 0.30853380E-01 0.50865247E-05    3
-0.24654888E-07 0.11110193E-10 -0.17904004E04 0.21075639E02                   4
C6H14              20387C   6H  14          G  0300.00   4000.00  1000.00      1
 0.02280471E+03 0.02097989E+00 -0.03530674E-04 -0.05466245E-08 0.14789499E-12    2
-0.03073756E+06 -0.09583162E+03 0.01836174E+02 0.05098461E+00 0.12595857E-04    3
-0.04428362E-06 0.01872237E-09 -0.02292749E+06 0.02088145E+03                   4
C6H13      io           C   6H  13    0    0G   300.000  5000.000 1382.000     1
 2.16368842E+01 3.23324804E-02 -1.09273807E-05 1.68357060E-09 -9.71774091E-14    2
-1.05873616E+04 -8.59104470E+01 -3.79155767E-02 7.56726570E-02 -4.07473634E-05    3
 9.32678943E-09 -4.92360745E-13 -2.35605303E+03 3.30426690E+01                   4
tC4H9        mio   THERMC   4H   9    0    0G   300.000  5000.000 1381.00      1
 9.94382112E+00 2.16693078E-02 -7.47001405E-06 1.16578454E-09 -6.78791834E-14    2
-4.06100251E+02 -2.98153785E+01 -2.73729204E+00 4.55390345E-02 -2.26390939E-05    3
 4.56951052E-09 -1.55321795E-13 4.65498223E+03 4.04683378E+01                   4
C4H9-1       mio        C   4H   9         0G   300.000  5000.000 1391.000     1
 1.25852385E01 1.92111694E-02 -6.57326410E-06 1.02061869E-09 -5.92133242E-14    2
 1.53395154E03 -4.25650737E01 -5.63779275E-02 4.74665020E-02 -3.09478578E-05    3
 1.07730695E-08 -1.59440284E-12 6.12170926E03 2.58974787E01                   4
iC8H18     mio          C   8H  18    0    0G   300.000  5000.000 1391.000     1
 2.22148969E+01 3.47675750E-02 -1.18407129E-05 1.83298478E-09 -1.06130266E-13    2
-3.42760081E+04 -9.23040196E+01 -1.26836187E+00 8.54355820E-02 -5.25346786E-05    3
 1.62945721E-08 -2.02394925E-12 -2.56586565E+04 3.53732912E+01                   4
iC8H17     mio          C   8H  17    0    0G   300.000  5000.000 1391.000     1
 2.22148969E+01 3.47675750E-02 -1.18407129E-05 1.83298478E-09 -1.06130266E-13    2
-3.42760081E+04 -9.23040196E+01 -1.26836187E+00 8.54355820E-02 -5.25346786E-05    3
 1.62945721E-08 -2.02394925E-12 -2.56586565E+04 3.53732912E+01                   4
iC4H8             mio   C   4H   8    0    0G   300.00   5000.    1000.00      1
 0.20535841E01 0.34350507E-01 -0.15883197E-04 0.33089662E-08 -0.25361045E-12    2
-0.21397231E04 0.15556360E02 0.11811380E01 0.30853380E-01 0.50865247E-05    3
-0.24654888E-07 0.11110193E-10 -0.17904004E04 0.21075639E02                   4
iC4H7             mio   C   4H   7    0    0G   300.00   5000.    1000.00      1
 0.20535841E01 0.34350507E-01 -0.15883197E-04 0.33089662E-08 -0.25361045E-12    2
-0.21397231E04 0.15556360E02 0.11811380E01 0.30853380E-01 0.50865247E-05    3
-0.24654888E-07 0.11110193E-10 -0.17904004E04 0.21075639E02                   4
c-C6H11         20/03/07C   6H  11    0    0G   300.00   1500.    1000.00      1
-6.48670000E+00 7.33000000E-02 -3.00000000E-05 -3.00000000E-09 4.00000000E-12    2
 1.05499998E+04 5.47425738E+01 -6.48670000E+00 7.33000000E-02 -3.00000000E-05    3
-3.00000000E-09 4.00000000E-12 1.05499998E+04 5.47425738E+01                   4
c-C6H12         20/03/07C   6H  12    0    0G   300.00   1500.    1000.00      1
-7.41290000E+00 7.75000000E-02 -3.00000000E-05 -1.00000000E-09 3.00000000E-12    2
-1.30236786E+04 5.62519509E+01 -7.41290000E+00 7.75000000E-02 -3.00000000E-05    3
-1.00000000E-09 3.00000000E-12 -1.30236786E+04 5.62519509E+01                   4
c-C6H10         20/03/07C   6H  10    0    0G   300.00   1500.    1000.00      1
-7.16840000E+00 8.26000000E-02 -6.00000000E-05 2.00000000E-08 -2.00000000E-12    2
 1.04156285E+03 5.60058841E+01 -7.16840000E+00 8.26000000E-02 -6.00000000E-05    3
 2.00000000E-08 -2.00000000E-12 1.04156285E+03 5.60058841E+01                   4
c-C6H8          20/03/07C   6H   8    0    0G   300.00   1500.    1000.00      1
 2.28640000E+00 4.81000000E-02 -2.00000000E-05 -3.00000000E-09 3.00000000E-12    2
 1.22043389E+04 1.16489544E+01 2.28640000E+00 4.81000000E-02 -2.00000000E-05    3
 2.00000000E-08 -2.00000000E-12 1.04156285E+03 5.60058841E+01                   4
c-C6H7          20/03/07C   6H   7    0    0G   300.00   1500.    1000.00      1
 2.28640000E+00 4.81000000E-02 -2.00000000E-05 -3.00000000E-09 3.00000000E-12    2
 1.22043389E+04 1.16489544E+01 2.28640000E+00 4.81000000E-02 -2.00000000E-05    3
 2.00000000E-08 -2.00000000E-12 1.04156285E+03 5.60058841E+01                   4
bC6H6           20/03/07C   6H   6    0    0G   300.00   1500.    1000.00      1
-4.83900000E+00 6.07000000E-02 -4.00000000E-05 1.00000000E-08 -1.00000000E-14    2
 1.11013757E+04 4.35575231E+01 -4.83900000E+00 6.07000000E-02 -4.00000000E-05    3
 1.00000000E-08 -1.00000000E-14 1.11013757E+04 4.35575231E+01                   4
fC6H6           20/03/07C   6H   6    0    0G   300.00   1500.    1000.00      1
 1.38710000E+01 1.06000000E-02 8.00000000E-06 -2.00000000E-08 7.00000000E-12    2
 2.12669668E+04 -4.82457766E+01 1.38710000E+01 1.06000000E-02 8.00000000E-06    3
-2.00000000E-08 7.00000000E-12 2.12669668E+04 -4.82457766E+01                   4
c-C6H9-3        20/03/07C   6H   9    0    0G   300.00   1500.    1000.00      1
-5.92280000E+00 7.58000000E-02 -5.00000000E-05 2.00000000E-08 -1.00000000E-12    2
 1.12067422E+04 5.18499929E+01 -5.92280000E+00 7.58000000E-02 -5.00000000E-05    3
 2.00000000E-08 -1.00000000E-12 1.12067422E+04 5.18499929E+01                   4
C4H6-13         20/03/07C   4H   6    0    0G   300.00   1500.    1000.00      1
 2.28350000E+00 2.16000000E-02 1.00000000E-05 -2.00000000E-08 8.00000000E-12    2
 1.34437281E+04 1.57205187E+01 2.28350000E+00 2.16000000E-02 1.00000000E-05    3
-2.00000000E-08 8.00000000E-12 1.34437281E+04 1.57205187E+01                   4
C6H11CH3        20/03/07C   7H  14    0    0G   300.00   1500.    1000.00      1
-6.37360000E+00 8.74000000E-02 -4.00000000E-05 7.00000000E-10 2.00000000E-12    2
-1.70764055E+04 5.43217571E+01 -6.37360000E+00 8.74000000E-02 -4.00000000E-05    3
 7.00000000E-10 2.00000000E-12 -1.70764055E+04 5.43217571E+01                   4
C6H9CH3    2/10/95      C   7H  15    0    0G   300.00   1500.    1000.00      1
 2.16368842E+01 3.23324804E-02 -1.09273807E-05 1.68357060E-09 -9.71774091E-14    2
-1.05873616E+04 -8.59104470E+01 -3.79155767E-02 7.56726570E-02 -4.07473634E-05    3
 9.32678943E-09 -4.92360745E-13 -2.35605303E+03 3.30426690E+01                   4
C6H5CH3         20/03/07C   7H   8    0    0G   300.00   3000.    1000.00      1
-4.07800000E+00 6.85000000E-02 -5.00000000E-05 2.00000000E-08 -2.00000000E-12    2
 6.90100506E+03 4.42073664E+01 -4.07800000E+00 6.85000000E-02 -5.00000000E-05    3
 2.00000000E-08 -2.00000000E-12 6.90100506E+03 4.42073664E+01                   4
c-C6H6O         20/03/07C   6H   6    0    0G   300.00   1500.    1000.00      1
-4.47600000E+00 6.85000000E-02 -5.00000000E-05 2.00000000E-08 -3.00000000E-12    2
-7.57643094E+03 4.57267811E+01 -4.47600000E+00 6.85000000E-02 -5.00000000E-05    3
 2.00000000E-08 -3.00000000E-12 -7.57643094E+03 4.57267811E+01                   4
l-C6H12         20/03/07C   6H  12    0    0G   300.00   5000.    1000.00      1
-1.38710000E+00 7.01000000E-02 -5.00000000E-05 2.00000000E-08 -2.00000000E-12    2
-4.96789398E+03 3.55802575E+01 -1.38710000E+00 7.01000000E-02 -5.00000000E-05    3
 2.00000000E-08 -2.00000000E-12 -4.96789398E+03 3.55802575E+01                   4
c-C6H11         20/03/07C   6H  11    0    0G   300.00   1500.    1000.00      1
-6.48670000E+00 7.33000000E-02 -3.00000000E-05 -3.00000000E-09 4.00000000E-12    2
 1.05499998E+04 5.47425738E+01 -6.48670000E+00 7.33000000E-02 -3.00000000E-05    3
-3.00000000E-09 4.00000000E-12 1.05499998E+04 5.47425738E+01                   4
l-C6H11         20/03/07C   6H  11    0    0G   300.00   1500.    1000.00      1
-1.27000000E-02 6.37000000E-02 -4.00000000E-05 9.00000000E-09 6.00000000E-14    2
 1.88112055E+04 2.99163240E+01 -1.27000000E-02 6.37000000E-02 -4.00000000E-05    3
-8.00000000E-08 2.00000000E-11 1.94567958E+04 -3.36719725E+01                   4
l-C6H11-6       20/03/07C   6H  11    0    0G   300.00   1500.    1000.00      1
 5.77300000E-01 5.84000000E-02 -3.00000000E-05 4.00000000E-09 1.00000000E-12    2
 2.28881574E+04 2.76626716E+01 5.77300000E-01 5.84000000E-02 -3.00000000E-05    3
 4.00000000E-09 1.00000000E-12 2.28881574E+04 2.76626716E+01                   4
c-C6H9-4        20/03/07C   6H   9    0    0G   300.00   1500.    1000.00      1
 1.26070000E+01 -9.40000000E-03 9.00000000E-05 -8.00000000E-08 2.00000000E-11    2
 1.94567958E+04 -3.36719725E+01 1.26070000E+01 -9.40000000E-03 9.00000000E-05    3
-8.00000000E-08 2.00000000E-11 1.94567958E+04 -3.36719725E+01                   4
CH3-c-C5H4      20/03/07C   6H   7    0    0G   300.00   1500.    1000.00      1
-5.15480000E+00 7.22000000E-02 -6.00000000E-05 2.00000000E-08 -3.00000000E-12    2
 2.83967505E+04 4.89353882E+01 -5.15480000E+00 7.22000000E-02 -6.00000000E-05    3
 2.00000000E-08 -3.00000000E-12 2.83967505E+04 4.89353882E+01                   4
BC4H7           20/03/07C   4H   7    0    0G   300.00   1500.    1000.00      1
-1.32300000E-01 4.45000000E-02 -3.00000000E-05 1.00000000E-08 -2.00000000E-12    2
 1.60638235E+04 2.37705166E+01 -1.32300000E-01 4.45000000E-02 -3.00000000E-05    3
 1.00000000E-08 -2.00000000E-12 1.60638235E+04 2.37705166E+01                   4
PC4H7           20/03/07C   4H   7    0    0G   300.00   1500.    1000.00      1
-7.92000000E-02 4.77000000E-02 -3.00000000E-05 1.00000000E-08 -2.00000000E-12    2
 7.73819805E+03 2.59244009E+01 -7.92000000E-02 4.77000000E-02 -3.00000000E-05    3
 1.00000000E-08 -2.00000000E-12 7.73819805E+03 2.59244009E+01                   4
CH3-c-C5H5      20/03/07C   6H   8    0    0G   300.00   1500.    1000.00      1
-6.65920000E+00 7.46000000E-02 -6.00000000E-05 2.00000000E-08 -4.00000000E-12    2
 1.42217755E+04 5.39128671E+01 -6.65920000E+00 7.46000000E-02 -6.00000000E-05    3
 2.00000000E-08 -4.00000000E-12 1.42217755E+04 5.39128671E+01                   4
CC6H7           20/03/07C   6H   7    0    0G   300.00   1500.    1000.00      1
-5.90930000E+00 6.58000000E-02 -4.00000000E-05 1.00000000E-08 -1.00000000E-12    2
 2.65503693E+04 5.19872741E+01 -5.90930000E+00 6.58000000E-02 -4.00000000E-05    3
 1.00000000E-08 -1.00000000E-12 2.65503693E+04 5.19872741E+01                   4
l-C6H11-1        come -6C   6H  11    0    0G   300.00   1500.    1000.00      1
-1.27000000E-02 6.37000000E-02 -3.87000000E-05 9.09000000E-09 6.21000000E-14    2
 1.66333900E+04 2.99000000E+01 -1.27000000E-02 6.37000000E-02 -3.87000000E-05    3
 9.09000000E-09 6.21000000E-14 1.66333900E+04 2.99000000E+01                   4
l-C6H11-2       20/03/07C   6H  11    0    0G   300.00   1500.    1000.00      1
 5.77300000E-01 5.84000000E-02 -3.00000000E-05 4.00000000E-09 1.00000000E-12    2
 2.28881574E+04 2.76626716E+01 5.77300000E-01 5.84000000E-02 -3.00000000E-05    3
 4.00000000E-09 1.00000000E-12 2.28881574E+04 2.76626716E+01                   4
l-C6H11-3       20/03/07C   6H  11    0    0G   300.00   1500.    1000.00      1
 7.00900000E-01 5.67000000E-02 -2.00000000E-05 -1.00000000E-09 3.00000000E-12    2
 9.72409708E+03 2.54212538E+01 7.00900000E-01 5.67000000E-02 -2.00000000E-05    3
-1.00000000E-09 3.00000000E-12 9.72409708E+03 2.54212538E+01                   4
C6H7CH3         20/03/07C   7H  10    0    0G   300.00   1500.    1000.00      1
-1.88370000E+00 8.31000000E-02 -6.00000000E-05 2.00000000E-08 -3.00000000E-12    2
 9.97759011E+03 2.85914257E+01 -1.88370000E+00 8.31000000E-02 -6.00000000E-05    3
 2.00000000E-08 -3.00000000E-12 9.97759011E+03 2.85914257E+01                   4
c-C6H10         20/03/07C   6H  10    0    0G   300.00   1500.    1000.00      1
-7.16840000E+00 8.26000000E-02 -6.00000000E-05 2.00000000E-08 -2.00000000E-12    2
 1.04156285E+03 5.60058841E+01 -7.16840000E+00 8.26000000E-02 -6.00000000E-05    3
 2.00000000E-08 -2.00000000E-12 1.04156285E+03 5.60058841E+01                   4
CH2(S)            L S/93C   1H   2   0     0G   200.000  3500.000  1000.000    1
 2.29203842E+00 4.65588637E-03 -2.01191947E-06 4.17906000E-10 -3.39716365E-14    2
 5.09259997E+04 8.62650169E+00 4.19860411E+00 -2.36661419E-03 8.23296220E-06    3
-6.68815981E-09 1.94314737E-12 5.04968163E+04 -7.69118967E-01                   4


END
